0.08699204916344876	0.08699204916344876	0.08699204916344876	0.08699204916344876
0.015198862927360453	0.0009021493460547757	5.8209904426181745e-5	1.4974701410107714e-5
0.008801497914025548	0.0005280870879626372	3.2017178382682115e-5	9.701831841711889e-6
0.005678130019058014	0.00041089876152018977	2.277425049804315e-5	6.991930941964854e-6
0.004018038326181582	0.0003328793116016668	1.9681237391102564e-5	5.3534806579370184e-6
0.003277147787535857	0.0002721001722239916	1.8049546820372256e-5	4.242433699885737e-6
0.0027781366888631124	0.00022471319097956704	1.6586536317894423e-5	3.429592260766922e-6
0.00245144250480135	0.0001873338534108122	1.528677271302283e-5	2.8069771596505317e-6
0.002209794978792258	0.00015765432043815492	1.4133528219222473e-5	2.3170876398890987e-6
0.002018733958963797	0.00013384410966904946	1.3107574917897055e-5	1.9252806317355627e-6
0.0018627775008000823	0.00011460913241430291	1.2191496886841374e-5	1.6084870665952795e-6
0.0017321156709124636	9.883472822138263e-5	1.1370532914427903e-5	1.35025884621556e-6
0.0016203280014035898	8.576932395436325e-5	1.0632360597558184e-5	1.1576162684344558e-6
0.0015230545069939564	7.48579860283452e-5	9.966655920566848e-6	1.0068572630658896e-6
0.0014372261343675533	6.78578331567562e-5	9.364684040733914e-6	8.95402771924778e-7
0.001360613475687578	6.322993269433214e-5	8.818976699741457e-6	7.966513575756638e-7
0.0012915549055883449	5.9120292939592976e-5	8.323090358408903e-6	7.090731177584872e-7
0.0012287866420319141	5.5493865628050534e-5	7.871425884816128e-6	6.313489001407141e-7
0.001171331987786079	5.222686028633718e-5	7.4590920071188326e-6	5.623311145556864e-7
0.001118426118681979	4.930014679781032e-5	7.081799277030951e-6	5.023533821390452e-7
0.001069463144636811	4.72237345563433e-5	6.735775447464319e-6	4.7057215974805133e-7
