0.12741446754761548	0.12741446754761548	0.12741446754761548	0.12741446754761548
0.022168130381721562	0.0014415246393776752	9.824498930826296e-5	1.6711231187486462e-5
0.013840140169345452	0.0006809452546005198	3.8230753165149644e-5	8.794427198353099e-6
0.010617284725784765	0.0004768861361052882	2.7715679555368508e-5	6.51499606880292e-6
0.00869887491195969	0.00037525030154467236	2.1376218209921344e-5	4.972797495243345e-6
0.00737282933459967	0.00030079550654959987	1.7692796495459573e-5	3.875174776469243e-6
0.006357693305923872	0.0002443465871926967	1.604240734793215e-5	3.062152960472836e-6
0.005536088934458911	0.00020029372075912295	1.4651490323582237e-5	2.443819955210233e-6
0.004852189588446868	0.00017204091768371104	1.3472177574211941e-5	1.965225036690074e-6
0.004274422527699675	0.00015610164996533108	1.246102095102512e-5	1.6320884650985997e-6
0.003781959627410432	0.0001419076126086834	1.1584038561283008e-5	1.4172936639126168e-6
0.00335957402970706	0.000129293294566579	1.0893307007555377e-5	1.2317643340849509e-6
0.003023487384302232	0.0001181055912625789	1.0345378075817732e-5	1.0756021733495655e-6
0.002821849476272094	0.00010795659709228651	9.833619065081315e-6	9.926977953246677e-7
0.002639369898625847	9.887502325242373e-5	9.356105443027407e-6	9.434439159166121e-7
0.002473962939444195	9.071701020095193e-5	8.91062972842992e-6	8.972020688406965e-7
0.002323747357714395	8.332554481583461e-5	8.494914972294208e-6	8.538752231735485e-7
0.0021870477805160985	7.676727772708285e-5	8.106735549651193e-6	8.133150235218951e-7
0.00206238227196934	7.084724185237315e-5	7.743980274416174e-6	7.753498143876916e-7
0.0019484444482470822	6.548509944834862e-5	7.404681075070878e-6	7.398010559953652e-7
0.0018440842881256656	6.069714668724235e-5	7.087021870748413e-6	7.064926739440962e-7
