0.14753539243280023	0.14753539243280023	0.14753539243280023	0.14753539243280023
0.015323330720271233	0.0008862679761171833	8.106023376926438e-5	1.0512092502599026e-5
0.01155408942815028	0.0005281116803635574	2.3846950721546277e-5	7.074621512103952e-6
0.008984300974678432	0.0004109163520943125	1.57827536468537e-5	5.090629798743493e-6
0.007107884929345016	0.0003328918242934974	1.3545881898256155e-5	3.754399269565882e-6
0.005765357446368931	0.00027210931178789567	1.2268956481844725e-5	2.8383325420941016e-6
0.004789316063337689	0.00022472122450494322	1.1795830724227946e-5	2.1931692975607544e-6
0.004059782034647942	0.00019320516962700057	1.1358516492157762e-5	1.7268436592227241e-6
0.003497961917716939	0.0001676752340265773	1.0886169350591658e-5	1.3820360766667914e-6
0.0030532842453184234	0.00014618589684713511	1.0406452940891341e-5	1.1220434356562489e-6
0.0026931225247784625	0.0001279345875900423	9.930730722746378e-6	9.226234409065147e-7
0.002395984703906821	0.0001122255414174937	9.466610229782392e-6	7.673040172223621e-7
0.002147284888336475	9.858320156481821e-5	9.018494552781977e-6	6.446220423751485e-7
0.0019367806884383386	8.671798809141193e-5	8.588779226680835e-6	5.464431425480627e-7
0.0017570258080367566	7.628185625398897e-5	8.178893758657851e-6	4.6690274533056555e-7
0.0016024277314170322	6.706639274079033e-5	7.789570112590137e-6	4.0171645072430657e-7
0.0014686642472866176	5.901989721325727e-5	7.420072170513163e-6	3.5369028923747546e-7
0.0013523139293165499	5.1902957652597615e-5	7.070069777123678e-6	3.1343333837320595e-7
0.001250615783162206	4.561657586221942e-5	6.739019498876684e-6	2.78405749353905e-7
0.0011613082306449814	4.37257196495545e-5	6.426238113089974e-6	2.477651032816448e-7
0.0010825178358794764	4.203253143810851e-5	6.130954211232814e-6	2.208397342962786e-7
