19.11646429410351
0.01057451673998406
0.008485267094382156
0.006999184128473971
0.006944798290786522
0.006689947604396506
0.005973160116444599
0.004790236823735015
0.0031866161003927195
0.002151833837622187
0.0013564665006215615
0.0008999928515556224
0.0005706822654857842
0.0002913705206241234
6.404270179987733e-5
7.920766979110855e-7
2.0873150957686927e-9
5.832063462152583e-11
2.622156795237411e-13
9.735801005835539e-16
NaN
NaN
NaN
NaN
NaN
NaN
NaN
NaN
NaN
NaN
NaN
NaN
NaN
NaN
NaN
NaN
NaN
NaN
NaN
NaN
NaN
