50.277395119494656
0.020981280625460254
0.015253400210257848
0.015244527811727046
0.014394270237157862
0.013070249273615416
0.012966234908357759
0.011560646439410719
0.009573393787523232
0.008516634317991474
0.007187884600674849
0.005868761808749553
0.005485579534110136
0.0045093526086982735
0.003979805186182805
0.0033476583099025224
0.002316033845692354
0.001462125322668529
0.000994441061243958
0.0007452463017210335
0.0004334089212297147
0.0002742252306811719
9.368878884837608e-5
3.920746294941581e-6
6.362124315613981e-8
5.431418220786838e-10
5.839732515904686e-12
1.0218058968025686e-13
7.707430564449696e-16
NaN
NaN
NaN
NaN
NaN
NaN
NaN
NaN
NaN
NaN
NaN
NaN
