19.116482616937134
0.014314327537121339
0.012429671036270715
0.01061492446196701
0.010758896041486018
0.01067490504197453
0.01007992907164708
0.009344581688950429
0.008743047383274643
0.00827116121197416
0.007291984382048865
0.006381165573143916
0.005071730182245274
0.004177492689039179
0.0034988525149481126
0.002236119590958496
0.0014034857387500233
0.0008462572849932322
0.0005000748242370082
0.0003523371243585455
0.00012700872289046978
7.0481304471921455e-6
1.9090611458001224e-7
1.2843478567029315e-9
1.3705477333447097e-11
1.0469690934022959e-13
2.8666736955289492e-15
4.916142956968509e-16
NaN
NaN
NaN
NaN
NaN
NaN
NaN
NaN
NaN
NaN
NaN
NaN
NaN
