0.06512461286783543	0.06512461286783543	0.06512461286783543
1.0018847601714172e-5	8.6248897451385e-6	9.248621160790644e-6
5.753223790626874e-6	7.699022840671378e-6	6.518924759984719e-6
5.689454947373869e-6	5.599500968820907e-6	4.931469640647529e-6
5.92069096840821e-6	4.7874398731912704e-6	3.690602052755351e-6
6.149386236589697e-6	4.213080901088474e-6	2.7723897329793005e-6
6.379351140003488e-6	3.712010631842574e-6	2.1021824851738407e-6
6.610755945972088e-6	3.2761324821582157e-6	1.6122800353226189e-6
6.863182049464361e-6	2.8971532641554427e-6	1.3154079285831118e-6
7.297344440468527e-6	2.5673138010396585e-6	1.1376225829060803e-6
7.76318134374151e-6	2.279685610296951e-6	9.84308013036521e-7
8.263337665469608e-6	2.0282461000762976e-6	8.65857111154338e-7
8.799795562482308e-6	1.8078419491651785e-6	7.813009613089773e-7
9.374470669214265e-6	1.614102045279906e-6	7.058019183422402e-7
9.989230587550685e-6	1.4433338966056147e-6	6.383243509968227e-7
1.0645974170099452e-5	1.292421188639411e-6	5.779204372949089e-7
1.134667847152947e-5	1.1587307226343147e-6	5.2374945186386e-7
1.2093427809915542e-5	1.0400317118047793e-6	4.750771197731342e-7
1.2888432976793996e-5	9.344276742653529e-7	4.3126655434230085e-7
1.3734045079014717e-5	8.402998755642635e-7	3.917664212342292e-7
1.4632766526442786e-5	7.562607902741386e-7	3.5609898492538343e-7
