0.10683297659936435	0.10683297659936435	0.10683297659936435
1.8673511306021647e-5	1.641967293378402e-5	1.4726443998525397e-5
1.1291752176203618e-5	8.827182430713384e-6	8.495186031315211e-6
9.916293655987002e-6	6.070671428168221e-6	5.284885842767907e-6
9.704430563012138e-6	4.263920476325273e-6	3.7909543000649056e-6
9.594137860816436e-6	3.6776476440502373e-6	3.1309391718732205e-6
1.0190443852790399e-5	3.37512128321707e-6	2.5732058288141737e-6
1.082939264971835e-5	3.0724085780274367e-6	2.116874887805528e-6
1.1514608680918285e-5	2.7851829338341867e-6	1.8288897277807186e-6
1.2248098115607812e-5	2.520262312883066e-6	1.6781028719618565e-6
1.303175959092789e-5	2.279717585520405e-6	1.5405049581750077e-6
1.3867649332647031e-5	2.063184242886826e-6	1.4145796699164577e-6
1.475799695109635e-5	1.9209966988800736e-6	1.2991516157753214e-6
1.570518016372102e-5	1.8179702072650176e-6	1.1990318470480218e-6
1.6711701448104425e-5	1.719341949056751e-6	1.1317670428797506e-6
1.778017257117277e-5	1.6253097201045061e-6	1.0686522968904067e-6
1.891330528892992e-5	1.5359108932509405e-6	1.0095135813340663e-6
2.0113905743284006e-5	1.4510833886022928e-6	9.541691047340524e-7
2.138487070361436e-5	1.3707044132002973e-6	9.024272064845053e-7
2.27291844583008e-5	1.2946153034534944e-6	8.54088382844795e-7
2.4149915635331948e-5	1.2226375749765467e-6	8.089490644361435e-7
