0.13175045049125156	0.13175045049125156	0.13175045049125156
2.0320903223622362e-5	1.6686979898923904e-5	1.713578534857667e-5
9.922503781873717e-6	7.707431596084993e-6	6.933238734952699e-6
8.72056822078488e-6	5.603067100647436e-6	4.688717135676569e-6
8.660238801740755e-6	4.255145320281271e-6	3.4468879746031063e-6
8.590197155946881e-6	3.893057634141244e-6	2.683504194351027e-6
8.53760962011638e-6	3.4807643640691764e-6	2.2421615097967335e-6
8.866498962688413e-6	3.099455747224038e-6	1.921921322712051e-6
9.185534002992097e-6	2.935178607457366e-6	1.6387662503141646e-6
9.495616839431999e-6	2.7797636382579657e-6	1.3948437310856978e-6
9.795836051832057e-6	2.6303074511409108e-6	1.2160558807217834e-6
1.0086067158297256e-5	2.4861862430243397e-6	1.1323885844938224e-6
1.0613539325426483e-5	2.347568805799461e-6	1.0600611680733446e-6
1.1342835843089218e-5	2.214798032304815e-6	9.967122444451608e-7
1.2124310051993177e-5	2.088156406918459e-6	9.405455217551111e-7
1.2960515847826961e-5	1.9677982241909055e-6	8.901960355082086e-7
1.385423630391906e-5	1.8537491186683094e-6	8.44623404042218e-7
1.4808470337386228e-5	1.7459287087058694e-6	8.030298678814945e-7
1.582642422118853e-5	1.6441776950385518e-6	7.647986340373891e-7
1.6911506597595143e-5	1.548282316368604e-6	7.294480052083664e-7
1.80673260649542e-5	1.4579940989283422e-6	6.965974431607402e-7
